-19090.099999999948
-9383.9
-2425.6000000000004
-4071.9000000000005
-50048.9
-12998.99999999999
-33880.4
-18252.800000000007
-62921.80000000002
-41575.30000000001
-27813.899999999994
-71053.49999999994
-23743.0
-38776.700000000026
-128986.99999999993
-115980.09999999999
-11911.399999999998
-83993.19999999997
-40524.799999999996
-130400.4
-63317.79999999998
-27074.59999999998
-46039.599999999984
-36886.89999999999
-52858.30000000001
-123866.59999999987
-113588.80000000002
-38209.79999999997
-87856.89999999995
-103404.9
-32114.90000000001
-93883.10000000011
-61327.099999999955
-91092.09999999992
-95813.8999999998
-95278.29999999989
-27769.899999999936
-29532.699999999943
-118275.09999999987
-136910.1999999996
-98428.49999999984
-57794.199999999895
-131102.79999999944
-137522.69999999943
-113856.89999999988
-9982.799999999997
-238213.49999999994
-52726.79999999966
-140701.79999999917
-30224.599999999955
-20109.399999999914
-106904.9999999995
-252760.49999999948
-183512.20000000004
-430896.99999999977
-70425.60000000008
-24274.6
-194070.30000000037
-104557.50000000017
-73735.0000000002
-73598.20000000027
-357825.2000000025
-120050.4000000015
-111359.60000000034
-263643.9000000011
-114470.90000000125
-365483.2000000015
-543927.6000000065
-845179.7000000108
-634609.2000000082
-1035334.8000000179
-554632.9000000065
-726736.0000000139
-518076.00000000856
-198496.4
-314834.1000000066
-829410.7000000179
-1074047.700000022
-547433.0000000154
-587380.8000000145
-178752.4000000028
-517469.2000000109
-347535.6000000068
-1434747.2000000265
-290814.50000000553
-437415.0000000053
-6000.299999999988
-369918.10000000533
-767773.5000000098
-217009.70000000054
-440521.7000000061
-229349.8000000061
-1399879.4000000039
-303792.0999999966
-115146.6999999978
-980104.4000000105
-212968.10000000134
-758059.1999999899
-434439.99999999616
-426769.19999999396
-815880.0000000049
-431386.09999999567
-92164.29999999888
-285660.6999999999
-1065715.5999999852
-34904.199999999946
-320022.7999999975
-702810.8999999927
-400082.1000000042
-509792.5999999829
-159017.29999999996
-811195.2999999775
-906019.5999999841
-701389.3
-3011231.5999998692
-3182168.1999999103
-1613336.6999999322
-1000176.4999999475
-2291456.2999999053
-10791.59999999998
-656063.3999999644
-492596.79999998474
-517391.7999999807
-342232.6999999911
-3136168.8999998616
-3746560.4999997923
-1647461.4999998964
-1420715.9999999178
-1479324.8999999135
-569627.2999999629
-4555681.299999662
-60942.89999999798
-2551532.3999998225
-935738.4999999435
-1110376.8999999221
-3514532.3999997424
-1731657.9999998803
-1237729.5999999011
-2644521.69999979
-1181409.7999999211
-2042130.899999843
-580245.5999999559
-1276248.7999998864
-200905.5999999814
-1126297.299999907
-2402119.3999997918
-2234262.5999997887
-4126001.0999996387
-3644206.399999627
-282859.5999999747
-3099749.699999698
-2049659.6999998393
-1191203.6999998835
-1335171.999999863
-2900158.4999997313
-325378.99999997247
-3443182.5999996937
-5424281.699999472
-646289.9999999438
-1032034.4999999047
-2148440.999999782
-536589.4999999609
-13267.699999999992
-5208967.299999443
-58026.79999999541
-1739622.199999807
-1587722.1999998307
-4114866.199999538
-718744.0999999142
-6892167.399999226
-1644961.9999998158
-8197052.099999041
-7299073.39999915
-3822609.8999995547
-469391.0999999433
-3045677.299999625
-2373871.3999997173
-874637.3999999196
-2248793.99999971
-5134461.499999389
-324166.59999996464
-3933790.099999574
-8402494.599999133
-615365.7999999415
-4381181.799999632
-9646910.599999148
-2500586.099999715
-3462220.499999729
-1183926.2999998897
-1097325.99999992
-7329600.199999412
-4271089.899999819
-2257265.2999998867
-2321645.599999893
-3192004.099999742
-1759052.1000000031
-1109426.099999952
-8448672.599999491
-3868050.1999998875
-4503475.899999676
17879.700000000088
-1499067.5999999864
-5058959.69999994
-2537199.8000000548
-3872509.0999998325
-6357450.899999877
-6095511.100000086
-3034500.5999999293
-3237189.1000001077
-4687242.400000058
-2170954.900000001
-3990443.4000001946
-3963722.300000284
-3317259.400000137
-353275.9000000198
-1312477.5000000577
-9809389.700000271
-3657624.7000001175
-4314966.199999945
-2012829.700000071
-1826958.300000002
-1038249.9000001167
-1.2179517500001306E7
-6090434.800000482
-3743883.7000004924
-5947358.500000654
-2418072.9999999614
-873100.1000000467
-44551.39999999987
-1.0556133600000806E7
-2961911.700000244
-1926254.7000001052
-8216888.900000597
-2654529.0000003465
-1982692.7999999076
-8943290.700001465
-1.0082142900001595E7
-4597599.400000498
-2188364.6000001216
-2222157.0000003083
-4930640.100000613
1088.6999999999698
-6461578.300000981
-3237268.0000005206
-169410.299999987
-3140809.300000512
-3348973.60000069
-5426085.200001082
-8588496.800001532
-4701922.800000868
-1333357.6000001577
-1213209.5000001297
-4418637.3000009265
-1551368.300000355
-3267390.000000565
-1.501716640000311E7
-7920174.600000973
-1.5043567600003257E7
-1.5516233000002664E7
-6857406.500001015
-683840.6999999858
-1.793027270000277E7
-9077271.300001493
-3368884.300000726
-1400466.3000003
-2938172.3000006205
-1983340.4000001403
-1.487154530000282E7
-185384.69999998988
-8181005.100002189
-1.2942171200002823E7
-7319550.600001594
-2873751.6000004453
-6436811.200001481
-4521268.500001057
-1.2876935400003228E7
-924587.400000228
-3619181.5000009225
-2821965.400000162
-2.4160975500005547E7
-1927605.0000004894
-1.290668340000295E7
-2.097644510000594E7
-3934954.600001054
-2.4019884700007465E7
-1.5169325900005007E7
-7225963.800002044
-2202502.100000382
-2847459.200000629
-7403916.100002191
-1.6450591700004458E7
-1.5796995500004653E7
-1027142.2000002476
-2.4760436500007868E7
-1.4090901100004356E7
-2.331620090000772E7
-8499262.000002189
-2.6989849900008842E7
-2.3261066500007663E7
-2.0667080200007237E7
-5774318.200002021
-3502411.800001308
-1.337898000000479E7
-9911856.500003362
-835245.100000261
-244682.80000001195
-9211993.300003504
-1.5033094600004913E7
-9034579.700002996
-8754665.000003187
-8899415.600003364
-2674811.300000982
-1.351475910000453E7
-1.486695440000559E7
-5710227.800002039
-1831683.5000003367
-2.3403256500009008E7
-2.5097982300009806E7
-1.367226810000508E7
-3.1688690900012802E7
-2.7712795700011004E7
-2.0077360100007392E7
-3.3411585200013325E7
-4983106.100001982
-4290531.700001496
-2.5913854600010257E7
-1.35568899000053E7
-1.5216158200006584E7
-3.426134920001417E7
-1.9871197400008608E7
-2.8971083100012165E7
-2.057625070000812E7
-66217.70000002446
-1.215135580000519E7
-3551188.10000125
-1.5329276500006748E7
-1.1680050400004368E7
-1.0151036300004015E7
-3.0023764000012536E7
-3.2199363700013783E7
-5903846.200002275
-6387446.300002741
-4640632.600001653
-1.972002820000918E7
-1307293.1000003205
-5008419.800002073
-1.233604400000582E7
-1487427.3000003458
-1.4277551300006071E7
-9958215.000003466
-3.611456550001624E7
-1.3043356900005093E7
-9192808.200004473
-1.332290240000587E7
-1.3414415100005152E7
-1.1562628000004616E7
-8207258.100002917
-8731620.900004152
-1.1116602400005054E7
-22317.100000000173
-1.0444533200004335E7
-83380.80000002234
-3.264690130001555E7
-1.7700548600008268E7
-2071567.6000005885
-1.5914019900006814E7
-6642893.200002162
-3360222.9000008916
-2.9890139100013286E7
-2.6404102200012125E7
-2.7803652400012586E7
-1.1620916800005028E7
-4.091208580001865E7
-4.11921971000186E7
-1.2807723400005309E7
-4.4907445600021094E7
-65779.90000002563
-2.5109718800011568E7
-3.07735002000152E7
-2695459.0000012126
-2.683340420001315E7
-4.692208760002369E7
-1117416.6000005412
-4.211047860002033E7
-514453.90000018576
-4.464237570002181E7
-2490173.500001141
-3.739760260001825E7
-3757423.100002
-2.1153326300009966E7
-4.609037100002359E7
-6239708.900002973
-1.5806558700007183E7
-7912028.200003975
-1.6178809300008344E7
-2878714.0000014747
-9132531.400004636
-1.750618290000829E7
-3.367690090001592E7
-4.262019960001899E7
-4.313004900001931E7
-5.4402386400022306E7
-5322002.600002674
-4338770.000001496
-5.494898220002323E7
-1077710.9000003305
-4.884908900001668E7
-2.8233750500007596E7
-4.920038270001657E7
-2.0999648400007475E7
-2290202.3000011505
-4.945660560002118E7
-1.678985130000601E7
-2.048937230000614E7
-5935266.200000998
-6.3849718300016664E7
-7434459.000002754
-3.3030700900008086E7
-1.2073552900002692E7
-3.587404540001518E7
-2.5560826700004134E7
-6.384111190001763E7
-1.3712072200005995E7
-3.330040530000616E7
-6149493.500002925
-945484.200000308
-3.825770180001146E7
13892.099999999908
-1.3400070400004296E7
-4.8063783800008014E7
-1.6233944400000524E7
-5.1913439700007506E7
-2.163369220000415E7
-9410784.600000752
-2.06096441000034E7
-3.0371653700003397E7
-4.261034040000061E7
-1.956356910000262E7
-5.1371122900002174E7
-4.7891496700000465E7
-6.222309920000506E7
-2213.500000000071
-3.880021670000253E7
-1.828648990000155E7
-2.5920533300001677E7
-5.6413966899997674E7
-4.714556099999494E7
-1.31133767000017E7
-3.0778047899991382E7
-1.0272612999999292E7
-4.434196500000212E7
-1.3471241200003324E7
-6.034143179999031E7
-2.0226262299998876E7
-4.7126957299995095E7
-5.352977499998358E7
-6.463628429998999E7
-4.9337221399989106E7
-5038242.399997695
-4.806877909998926E7
-7.118693329997818E7
-2.5403614599997573E7
-2.4583258099999316E7
-2.7595228599993102E7
-5.456370509998743E7
-6.672301549997859E7
-134096.79999999664
-5.635438229999729E7
-6.242311039998204E7
-4.7154975599981464E7
-2.3079513500002414E7
-7.196571889998037E7
-2.5272232299990572E7
-3.705040419999512E7
-3.3009268199987132E7
-1.1744159900002658E7
-6.6047172099980496E7
-2.336051430000522E7
-4.615907749997843E7
-2.2110117099989604E7
-5.155571219998858E7
-4.513541979998865E7
-6.407696159998834E7
-2979414.499999301
-1.7436958499999825E7
-2.4421625199992865E7
-6.1526489999974266E7
-2.296022639998672E7
-9.036028899994226E7
-3.236663419998928E7
-2587240.600001168
-4253579.500000229
-4.349844719998243E7
-7567488.499996722
-2348886.500001074
-4.380139789997979E7
-1.9890478499990284E7
-2.774741789998389E7
-1.8291770699990187E7
-2.8010819899992526E7
-1.4581190899988996E7
-5.6698878399978995E7
-1.788171040000068E7
-4.881506489996805E7
-7.27348193999532E7
-6.5599795699960515E7
-2.4885491300005585E7
-1.896732499998973E7
-7.395113169995229E7
-6.782068739997548E7
-7.728179959994362E7
-2.227474309998785E7
-7.614913509996967E7
-4.5584151299976036E7
-7.136254139996062E7
-2890993.2999990303
-5.263340089996983E7
-9392.400000000145
-8.508229989994878E7
-9.255427539994042E7
-9.855972259991676E7
-8.16087308999494E7
-174913.59999994977
-8.600148569994786E7
-4.517041279998222E7
-8.881938069993666E7
-6.593283759995301E7
-8.518209229993795E7
-1.123496459998786E7
-1.1429041899992967E7
-1.2024531799987108E7
-1.3680418299994586E7
-4.2572254899970405E7
-2.3022224899994478E7
-1.3536092299993943E7
-1.4827486799993414E7
-1342392.7999992028
-1.2989590399989644E7
-1.9071562599982705E7
-6.9064723299951E7
-4.421357789997561E7
-2882175.2999970824
-4878506.099996442
-2.2438340599981625E7
-8.347172839993069E7
-6.160499469995255E7
-4.320220569998258E7
-129367.99999993238
-3.5462455499968186E7
-8.867054349994981E7
-4.8220853799951926E7
-6.591107749995716E7
-3.0062864099996515E7
-1.5977273899984114E7
-1530761.4999989346
-9.527471259991668E7
-8212973.499993859
-9.413335569990993E7
-1.7638724199994694E7
-4.720493649996392E7
-3.974098509997088E7
-6.1784070299947806E7
-4.940619119995384E7
-9.675429939992025E7
-5.8072121699972965E7
-1.033481455999024E8
-1.0114210609988737E8
-6.837113839992969E7
-9.031961949992979E7
-5.324078929995799E7
-9387569.299990052
-10396.000000000158
-1.588575429999176E7
-6.524858319995343E7
-7.16361363999183E7
-1.084051427998913E8
-8.233791579992177E7
-2.755170089997556E7
-5.112453809994413E7
-1.0829024839988717E8
-1.0837855839987595E8
-6.685719099995741E7
-4.390213479998824E7
-380422.599999896
-1.0849659139989963E8
-1.8713020199989464E7
-8.905130339991722E7
-6.121553949993008E7
-1.541140639998662E7
-1.234699734998531E8
-8.357914739991273E7
-2.704096969997412E7
-4.979172509995932E7
-8.632084619991618E7
-1.5232741499984687E7
-1.0890401359989046E8
-7.972514479992212E7
-1.0694881599985534E7
-7.547250239992559E7
-9.402964689991589E7
-7.75580877999209E7
-8.486720359991479E7
-8.553331849992754E7
-8.36711512999047E7
-7.191730799992868E7
-2.5688190599963013E7
-6.187848739991303E7
-4.9238275299942955E7
-3.6827569099968664E7
-8.653800739989364E7
-5.0791129899970666E7
-5.8618231299933106E7
-1.4157856599993967E7
-4599014.099996899
-4.245163099995557E7
-6.340571259992699E7
-1.0027257109987865E8
-4.674955309993783E7
-1.1114691169987275E8
-9.109913709990396E7
-1.3411392249981199E8
-1.1753746579984872E8
-1.352797749999162E7
-1.2118999649984196E8
-1.3511567149981225E8
-1.188207815998379E8
-6.532428899992314E7
-3.2108454499969337E7
-7.558028719990776E7
-1.2107095209984341E8
-3.380944519995144E7
-1.2573632009983477E8
-1.0698132319985814E8
-7831210.8999945065
-6.4588532599912465E7
-2.5891667499972694E7
-1.1132522429987118E8
-5.7246231599927574E7
-7.316161139991353E7
-7.009860319988975E7
-1.2651176929984201E8
-1.1164864229985027E8
-5.541032429992663E7
-1.0269669589987148E8
-3.3303330699959807E7
-1.2509005469983481E8
-9.413928419987088E7
-5.1113711499937974E7
-1.1538142329986268E8
-1.2644411729983959E8
-5.2904675299950786E7
-9.547228969988358E7
-9.894634439986078E7
-1.5130091019975737E8
-1.3505122309980962E8
-1.415904683997779E8
-9.487380169987586E7
-7.639297739990172E7
-1.416456451997973E8
-1.3430800549978703E8
-1.583182139997477E8
-7.518856679990652E7
-1.5040028399976945E8
-1.448936768997812E8
-1.224037289998379E7
-2.9072615899956495E7
-9.301429739986102E7
-5.199361669995135E7
-16875.000000000102
-1.537658224997574E8
-3.798037579996985E7
-133806.3999999373
-1.5550291439974865E8
-8.573481789988546E7
-156786.29999978314
-3.206755349995401E7
-5.1442818599931024E7
-9691705.39999245
-8.961228469985102E7
-41013.10000000043
-1670168.2999976329
-1.0070211639985836E8
-123646.10000000145
-1.1756092109984124E8
-1.2279111699979891E8
-1.3678686919978595E8
-1.2098980629981981E8
-377026.29999977234
-1.3771907759977064E8
-1.185046004998141E8
-1.0988450309985188E8
-2.959898569995918E7
-6.968973009988675E7
-8.714540809987447E7
-1.843146999996701E7
-1.13837347199855E8
-6.253178569991179E7
-1.655933273997131E8
-2.6110438699962657E7
-3.924336159994593E7
-8.42453864998691E7
-4.088176329994583E7
-9.564494539984494E7
-3.247807399995498E7
-1.3959701009979025E8
-6.6779669099894166E7
-5.795813429993142E7
-1.3571977149977824E8
-1.5807621279974145E8
-4.89671691999592E7
-6.436726499988752E7
-1.110757387998264E8
-1.1289069439982775E8
-5.0250620499912456E7
-1.0605623249987274E8
-7.752635229987061E7
-1.4123961139979714E8
-6.422075199989528E7
-7.02074892998868E7
-8.954823359983589E7
-4.343530689994299E7
-5.206045539992271E7
-1.2780496639977606E8
-4.4060844499928184E7
-8.379674189986025E7
-1.4030663289977017E8
-1.5094716859975967E8
-1.3496241569977772E8
-1.6297632359972006E8
-4.487353739992494E7
-3.7251056099938944E7
-1.1201241279981881E8
-6.4490953599880345E7
-1.4824440309977815E8
-1.436905934997801E8
-8.502483919987038E7
-1.1701631219980243E8
-1.1275953499981096E8
-1.3069752869977754E8
-1.5691729429973853E8
-1.5493031999975362E8
-281410.8999997069
-9.673344279982208E7
-1.664991145996934E8
-1.0430332409980728E8
-6.3051153899899885E7
-1.3466091439976922E8
-2.8160097399947748E7
-7.969033319985802E7
-1.6340446159970084E8
-1.440089508997598E8
-5.2138374699909605E7
-4107257.5999947875
-1.398832403997548E8
-3.197644759993941E7
-1.0375701509983166E8
-1.048281211998026E8
-4.682151979992756E7
-1.607180199997905E7
-7.162003159987754E7
-1.7132527869969183E8
-1.2210017899981558E8
-1.7354213979969603E8
-6.97951762998694E7
-7.377981879986161E7
-1.78036663399676E8
-1.968484498996306E8
-1.859579688996621E8
-1.6290995139970884E8
-1.8003894249967545E8
-2.1075626099958372E8
-4.206001699992503E7
-1.519151834997596E8
-1.9424052239962783E8
-1.897138758996488E8
-9.460203279982057E7
-1.791555052996788E8
-1.524866074997271E8
-1.957357203996315E8
-1.821301547996586E8
-1.9170820069963473E8
-1.5441566599973008E8
-1.6499107589969823E8
-1.2984421749977782E8
-4.120010589993477E7
-5277325.099990414
-1.631251279996827E8
-6.5219192799885824E7
-1.7476959479968956E8
-1.7690874179966432E8
-1.0501054529978558E8
-4.8572846799912915E7
-1.8821480299964452E8
-3.622945759995397E7
-1.2273715799983814E8
-6.205292449987421E7
-7.56981915998591E7
-2.1252031699960336E7
-7.491139889985314E7
-1.643563279996916E8
-624268.9999996303
-1.9263712709962764E8
-1.9188396569963342E8
-4.501917679991355E7
-1.8334967139964384E8
-1.877630082996414E8
-1.558415648996997E8
-1.0020951759980848E8
-1.423871672997544E8
-2.7200200799965248E7
-2.0599334269959533E8
-1.5773201149969658E8
-1.9919838499962148E8
-1.3749767639972654E8
-1.0226155649979971E8
-3.84798800999226E7
-7.135357319986764E7
-1.1248557929979555E8
-6.948931229986589E7
-1.509119779997969E7
-1.2350583159980825E8
-1.1331888809980805E8
-2.1456543569956946E8
-389610.59999960015
-1.8161351259967214E8
-1.2262072169980246E8
-1.5082140289971116E8
-1.2349378609975916E8
-1.4650721159970295E8
-6.563027379988159E7
-2.2654269219953424E8
-1.7767650319965023E8
-4.692643669991068E7
-420587.99999958853
-2.040276988996083E8
-1.5146552159976038E8
-1.6821079879965115E8
-1.2148275449975623E8
-1.2834112629974116E8
-531472.0999995813
-6.902086149986593E7
-1.765421071996531E8
-1.645069996996816E8
-1.2910123759973438E8
-6.272005059991217E7
-9.085104639983408E7
-1.8777451469962E8
-2.0189667839961004E8
-2.062373061995949E8
-1.951821688996195E8
-1.9132923889963722E8
-2.181398372995564E8
-2.1576760809956154E8
-4.641851579990776E7
-1.5745812399971202E8
-1.0244988879979518E8
-2.0535138179958883E8
-2.93938538999381E7
-1.7616363179965916E8
-1.4888975359973475E8
-2.048888438996092E8
-1.2102151669979393E8
-1.431471158997206E8
-1.074353168997947E8
-2.0434423699959022E8
-1.111716331997961E8
-2.60744710999608E7
-1.6953594849967656E8
-7.661379019984584E7
-2.0590501029959738E8
-1.514003224997109E8
-4885534.199990987
-1.2950501069976941E8
-142412.29999976643
-2.4620861499953383E8
-9.973739199981116E7
-7.558509589986488E7
-1.8050231489965898E8
-1.2928045989975938E8
-2.0937301199962948E7
-2.5149930429953536E8
-2.1704262789958954E8
-1.859142660996756E8
-1.759063280996921E8
-1.817514473996434E8
-8.922472769983439E7
-2.1868347189959937E8
-1.3006538779979818E8
-1.9252426599964628E8
-2.31194182999647E7
-7.94579853998775E7
-2.1197680419962823E8
-1.2837739259980358E8
-1.8080131369968122E8
-2.047797881996227E8
-46326.60000000096
-1.9083266119971365E8
-2.0866786249961278E8
-6.755075119987342E7
-1.2570667039977553E8
-3.043358249995753E7
-2.2718997309957045E8
-3.811014659992823E7
-2.3106538349959236E8
-2.544269169995161E7
-2.3725637959963903E8
-2.5774059109967768E8
-1.2221218049980599E8
-1.8777496059970167E8
-2.632787225996951E8
-1.9477409329963785E8
-1.5117432509980145E8
-1.974191841997087E8
-5439570.399989519
-2.2418171809968197E8
-1.9238804239970466E8
-2.2223399249965858E8
-2.215928619997845E7
-2.6339059379974392E8
-5.6556935899910964E7
-2.4420627669963077E8
-2.3117337539965263E8
-1.3399881399989568E7
-2.393206340997578E8
-1.9159523489978924E8
-1.7867874529962763E8
-1.5408282239973366E8
-4.482875809993207E7
-2.013023074996289E8
-6.1790418299877174E7
-1.1955022219977456E8
-1.3542725539977905E8
-2.4017187409957215E8
-8.266470169985697E7
-1.6895691819963828E8
-8.876208169994277E7
-2.509062611997191E8
-3372727.2999927215
-1.0178415119978815E8
-2.3596832509950534E8
-3.94744886999298E7
-1.4567288149981767E8
-1.0991279899976933E7
-2.694635201997008E8
-2.6699753629971135E8
-1.279282709997846E7
-1.3609814899980593E8
-5.264118979995586E7
-2.6033388459969714E8
-2.5750784899969828E8
-9.398834699991326E7
-9.595480869982468E7
-1.871627806997932E8
-1.9022624669966102E8
-2.0988334439975563E8
-1.411456354998722E8
-2.157690698997356E8
-4.16579104999612E7
-2.2067037889977995E8
-1.1834291529979528E8
-1.9938810449985385E8
-2.6822089299964464E8
-2.765924168996792E8
-7.203222979994534E7
-1.2959330489992988E8
-2.3217686349987388E8
-1.999595299996534E7
-2.736638032998813E8
-5.136927689993814E7
-2.4744793489981648E8
-1.3725727699979925E8
-2.5020157119983137E8
-2.5847739769995502E8
-2.361196332998951E8
-2.305423404997653E8
-1.538673546999318E8
-2.945107455999475E8
-2.425253659997505E8
-2.964627367000136E8
-1.898560563999891E8
-2.750990288999591E8
-1.4763832079991907E8
-2.7400531519995254E8
-2.8638446619979924E8
-2.2599239409996846E8
-2.3316479569994682E8
-2.6804293239990908E8
-2.2624837589987972E8
-2.886429631000012E8
-2.559564390000389E8
-2.6801408260007903E8
-2.724532876997662E8
-2.2473326610003775E8
-2.8750932799995863E8
-2.639755594999924E8
-2.4293719199993244E8
-2.2016845809999022E8
-2.3103071410011888E8
-2.074709108997661E8
-2.8939947769977224E8
-2.889464548997965E8
-2.9273926739981806E8
-3.325777979003074E8
-2.950634270998414E8
-1.7371951509968388E8
-3.3275992710032797E8
-3.352959676003514E8
-1.9131489899964964E8
-3.37170994200374E8
-2.9696718149986446E8
-1.7499655059967825E8
-2.988595909998873E8
-2.992241185999104E8
-3.4011144230039877E8
-3.0219336339993304E8
-3.399542373004191E8
-1.9595679699963796E8
-1.864703298996536E8
-3.0453490429995716E8
-331568.2999999689
-3.4387921070044506E8
-3.416353336004625E8
-3.237035834004566E8
-3.059818569999796E8
-1.996298560996264E8
-3.0832714660000366E8
-3.0976477790002596E8
-3.4900412060051215E8
-1.995296399996244E8
-3.121157504000503E8
-3.1148148620007235E8
-1.924906086996358E8
-3.5128025410053647E8
-1.9937441319961992E8
-3.2762709120051825E8
-3.158947364000966E8
-2.0548372869960594E8
-3.542141918005798E8
-3.1778903640011996E8
-3.192171563001423E8
-3.2157195730016685E8
-3.22996288600189E8
-13946.099999999979
-3.25354878200213E8
-3.2612901910023415E8
-3.2649916260025626E8
-3.5681162910060394E8
-2.068510543996021E8
-3.497507004006108E8
-3.3101877820028144E8
-3.324317874003032E8
-2.091226986995956E8
-2.097213797995924E8
2311.700000000241
-3.346006576006009E8
-3.6229374280067074E8
-3.336683046003255E8
-20223.300000000196
-3.612780621006882E8
-2.1453422369958073E8
-3.3316509770065105E8
-3.3555504070034885E8
-3.385918685003744E8
-3.399956988003961E8
-2.1643231609957492E8
-3.663069775007359E8
-3.4121143570041835E8
-3.437729406004424E8
-3.4615580270046735E8
-3.4804821220049065E8
-749902.3000005098
-2.096727054995865E8
-3.6484417020075184E8
-3.685512693007784E8
-2.928123105004279E8
-3.733943598008074E8
-2.201467419995632E8
-3.5034060700053036E8
-3.534238936005562E8
-352519.50000056863
-3.5531819930057925E8
-3.5670336400060046E8
-2.0353472839959493E8
-3.5910301640062547E8
-3.581214425006434E8
-390035.8000006612
-3.6236527280066997E8
-3.6353238870069176E8
-2.0822922079958412E8
-3.749019490008294E8
-3.582456420007015E8
-2.0535270899958876E8
-3.679967303007394E8
-3.704024684007648E8
-3.693397968007818E8
-3.7717539400085336E8
-3.454791891007483E8
-3.759242028008323E8
-2.272748104995429E8
-3.772939604008531E8
-3.7843115510087436E8
-3.785709255008941E8
-3.790659111008765E8
-2.246265102995466E8
-38893.50000000026
-3.8218944820092016E8
-3.794378926008958E8
-3.848332497009451E8
-2.2536965819954166E8
-3.8595719000096625E8
-3.891444997009937E8
-3.910369092010169E8
-3.923895763010378E8
-3.9349651920105904E8
-3.9616302950108457E8
-3.972624104011057E8
-4.004837795011339E8
-4.018269941011545E8
-4.018845536011732E8
-3.828412643009225E8
-794981.3000012013
-3.8319465300094175E8
-2.229979731995447E8
-2.3471749429952043E8
-4.0615720040120304E8
-4.0483180780121624E8
-2.342646060995196E8
-3.8661282700096864E8
-3.772543471009627E8
-4.099343738012489E8
-4.1126620170126927E8
-4.137172947012952E8
-2.3233273799952188E8
-3.8997105230101365E8
-4.142276605013128E8
-4.1693579980133855E8
-4.179935517013589E8
-3.851784332010189E8
-4.1987461250138175E8
-4.2259408720140755E8
-4.2364050370142794E8
-4.269451460014572E8
-4.288375555014807E8
-4.307299650015042E8
-3.925112137010568E8
-27225.000000000306
-4.320390746015245E8
-4.330665519015445E8
-4.3581252780157065E8
-4.382920030015968E8
-2.38984576599504E8
-4.3716964100160897E8
-3.959668975010843E8
-4.414726943016395E8
-2.3455981939951408E8
-4.439597448016659E8
-4.443717096016823E8
-3.85922058701074E8
-2.2712832929952806E8
-3.98538102401127E8
-2.2336469719953433E8
-407791.5000000075
-2.46089266799484E8
-3.983691585011432E8
-2.3411814489950505E8
-4.471551079017089E8
-4.4725806890172493E8
-4.473264811017407E8
-2.185728709995368E8
-4.030874230011747E8
-4.519028327017743E8
-2.327799671995085E8
-4.5529324290180445E8
-650446.3000018225
-4.571875486018275E8
-4.5907995810185075E8
-2.5791198310104263E8
-4.6202855100188684E8
-2.5314902759946063E8
-4.623911880019027E8
-4.053361300011985E8
-4.047924157012142E8
-4.6581145670193374E8
-2.5095159919946378E8
-4.677038662019572E8
-4.695962757019805E8
-2.4655543689947492E8
-4.091076908012446E8
-2.2862703199951223E8
-4.714943719020037E8
-4.7338678140202683E8
-4.7527919090205E8
-4.7717160040207297E8
-4.790640099020962E8
-4.803292428021153E8
-4.8284693080214244E8
-4.1066761550126725E8
-4.2827118480191135E8
-4.8481597410217744E8
-2.6183715759944174E8
-4.88304190602209E8
-4.895601762022281E8
-3.720616929011615E8
-2.6111530349946654E8
-4.1425560210131145E8
-4.920945006022556E8
-4.939869101022791E8
-2.2443088999956375E8
-4.958812158023024E8
-4.977736253023256E8
-4.139998879013272E8
-4.9802838980233985E8
-5.015546367023719E8
-2.539365623995283E8
-1.448503375997448E8
-5.0345083860239506E8
-4.130278947013419E8
-2.6629905049954128E8
-5.0469622030241394E8
-4.198950320013814E8
-5.0530857020243263E8
-2.2587635039963487E8
-4.1959267410139626E8
-2.462634540996182E8
-5.0746618190245533E8
-5.1036157000248337E8
-4.236552555014272E8
-373845.90000000695
-5.1291282530251086E8
-5.1480523480253404E8
-5.150074016025476E8
-5.179179403025759E8
-2.751730656996015E8
-5.187770776025938E8
-4.224844410014388E8
-2.715995585996287E8
-4.274192714014729E8
-5.216989365026222E8
-5.2254671940263987E8
-1075194.3000026718
-5.254742840026683E8
-5.280387937026962E8
-5.2993120320271945E8
-5.3182361270274264E8
-2.789370473996476E8
-4.2964573510149646E8
-5.319784429027557E8
-2.7525476349967724E8
-5.35608427902789E8
-5.3574668410280186E8
-5.393875564028354E8
-2.450245531997337E8
-4.3153814460151964E8
-2.0850377899978912E8
-4.334267655015427E8
-5.412875469028586E8
-4.327098751015563E8
-5.431818393028818E8
-5.422121894028884E8
-5.451719761029172E8
-2.2397843809978795E8
-2.8436775329974794E8
-4.3458070140157914E8
-2.6895847299978715E8
-4.3436414990159506E8
-5.488533374029509E8
-2.885447809997913E8
-5.489524270029634E8
-5.526324659029971E8
-5.545248754030204E8
-4.409452593016344E8
-4.3841786740164083E8
-5.535016949030265E8
-5.564841942030556E8
-5.601907001030898E8
-2.618248514998353E8
-5.591389835030959E8
-4.372677502016535E8
-5.639716887031364E8
-5.658640982031597E8
-5.670393680031776E8
-2.4344097039986098E8
-5.696470191032059E8
-4.456750204017006E8
-5.715413191032293E8
-5.644227595032017E8
-5.734263631032636E8
-5.771844122032984E8
-5.790768217033216E8
-4.4606736990171695E8
-5.802385350033395E8
-730623.800003365
-2.954124449998572E8
-2.961131608998803E8
-4.4731974850173974E8
-2.955936951999035E8
-4.4227030280173403E8
-2.8183501949992985E8
-4.50104526001781E8
-3.0040253419994414E8
-5.828805058033682E8
-5.847729153033915E8
-5.859307279034094E8
-4.5196889060180366E8
-5.878212431034325E8
-5.873569926034418E8
-5.923330457034844E8
-5.942254552035079E8
-4.504851058018117E8
-5.961197286035314E8
-4.5782883020185673E8
-4.596984052018796E8
-5.980159115035547E8
-2.785538790999724E8
-5.955735227035508E8
-2.5324239259999204E8
-5.974391290035738E8
-4.609587130018985E8
-6.029145410036186E8
-6.023897774036272E8
-6.074457027036705E8
-6.093381122036933E8
-6.112305217037157E8
-6.131229312037382E8
-6.150153407037607E8
-6.050653386037097E8
-6.187641300038065E8
-4.637603943019254E8
-156720.40000000293
-6.206584262038296E8
-6.217723108038472E8
-3.024720868000103E8
-4.634738865019404E8
-6.140174409038124E8
-4.675035995019711E8
-6.255248887038939E8
-6.281995889039232E8
-3.0551372480002874E8
-6.300919984039464E8
-4.659470888019821E8
-2.9678865340004957E8
-6.319881756039696E8
-6.315191648039788E8
-4.725098643020256E8
-6.35771090804016E8
-4.6190529530199337E8
-6.376653433040394E8
-6.395577528040627E8
-3.119374351000742E8
-6.384210813040675E8
-4.730593939020549E8
-6.43336864204109E8
-3.10357932500096E8
-6.428281529041177E8
-4.7682947400208616E8
-6.471178794041555E8
-2.925872624001143E8
-6.490121851041787E8
-6.478338827041827E8
-6.527894174042249E8
-4.8031266840211743E8
-6.546837212042482E8
-6.565761307042718E8
-6.471382936042202E8
-2.891145487001321E8
-6.603306086043189E8
-6.622230181043422E8
-4.793253821021278E8
-4.7442388760212004E8
-6.641191668043655E8
-6.660115763043888E8
-6.67903985804412E8
-3.213465864001674E8
-6.689682918044288E8
-6.716888029044585E8
-6.687217557044475E8
-6.754603466045034E8
-4.804387099021601E8
-6.773546276045259E8
-6.784057039045421E8
-2.949190249001728E8
-4.836288870021914E8
-4.8723613510222083E8
-3.036183007001932E8
-6.811451010045712E8
-4.905839942022506E8
-6.821921246045872E8
-347120.2000000056
-4.924650512022736E8
-3.2350742100023097E8
-6.817116465045954E8
-3.2600787570025426E8
-3.21956062300272E8
-6.846086140046234E8
-6.878597961046562E8
-4.9533449400230116E8
-6.883745052046704E8
-6.746967426045897E8
-6.943331606047333E8
-4.9692389720232445E8
-6.962293568047566E8
-6.958703510047634E8
-263532.8000000032
-7.00008485304803E8
-4.97123666802338E8
-7.010346659048191E8
-7.015229612048327E8
-7.056800119048727E8
-3.270330213002935E8
-5.006992599023709E8
-7.067023925048891E8
-8382.89999999984
-7.094667195049193E8
-4.958386087023605E8
-7.113609967049426E8
-5.04747293502417E8
-3.329089025003247E8
-4.946773849023837E8
-7.123777115049587E8
-7.12843271404972E8
-7.170381701050123E8
-7.189305796050354E8
-2.9427778400030005E8
-7.208229891050588E8
-3.337625045003637E8
-7.218281253050754E8
-7.222747422050889E8
-5.0818948550246286E8
-3.342552724003848E8
-7.2650020810513E8
-7.274977424051461E8
-7.302831290051769E8
-28719.500000000175
-7.321755385052001E8
-7.340679480052233E8
-7.335931543052288E8
-4.328568526021054E8
-7.351331634052511E8
-7.39735401005292E8
-7.416278105053148E8
-7.435202200053375E8
-2.292225590002722E8
-5.096563154024956E8
-113184.70000000214
-3.407070951004231E8
-7.4541640860536E8
-5.138607955025283E8
-7.463946560053753E8
-7.492012238054053E8
-5.072294801025106E8
-7.51097389605428E8
-3.446976263004532E8
-7.50571130605432E8
-7.539548149054655E8
-5.1760772470257425E8
-7.567708200054963E8
-32908.600000000115
-7.586632295055201E8
-7.605556390055437E8
-7.624480485055673E8
-5.195039247025975E8
-7.531344277055098E8
-5.203535534026154E8
-1016948.7000056185
-3.459156857004754E8
-7.662138960056139E8
-836734.6000056358
-3.4849000730049944E8
-5.2223650090263873E8
-7.681119884056373E8
-5.157143493026188E8
-5.2491945230267906E8
-2.785394826004144E8
-7.700100409056605E8
38642.50000000029
-7.694190470056643E8
-7.737891694057069E8
-7.756815789057304E8
-1394938.3000057635
-7.775758846057538E8
-3.5189029100054216E8
-5.28909145102713E8
-7.633749186056585E8
-3.530788263005644E8
-7.813284644057999E8
-5.26552602202714E8
-7.807053491058035E8
-7.851094720058464E8
-7.870018815058697E8
-7.87930594005885E8
-7.907848024059168E8
-7.901313973059205E8
-1.3044465760021412E8
-7.935971388059561E8
-5.324069805027596E8
-872417.7000059839
-7.939036459059678E8
-7.983487404060115E8
-8.002411499060347E8
-8.021335594060581E8
-5.276185337027458E8
-8.040278385060812E8
-3.563835535005963E8
-8.049402148060956E8
-4.4934796650234795E8
-5.304848647027845E8
-3.575650683006181E8
-8.068345148061181E8
-1405501.300006158
-8.097123060061493E8
-8.11604715506172E8
-5.334103725028128E8
-8.108827543061739E8
-43791.60000000027
-8.153857155062172E8
-5.406670481028645E8
-5.015349976026697E8
-3.58648991700635E8
-384285.40000065044
-1797951.6000062593
-3.613423329006643E8
-8.172874483062401E8
-8.181813756062541E8
-8.184319078062639E8
-72357.70000000065
-8.035129543061591E8
-2.638262220004933E8
-4.914152980026244E8
-8.248075894063302E8
-8.256936583063449E8
-8.25569817006355E8
-3.6533410200070655E8
-8.278168884063793E8
-8.313557305064156E8
-8.315827796064259E8
-8.361430749064705E8
-8.370196951064852E8
-8.368686805064945E8
-8.418127148065404E8
-8.437051243065637E8
-3.628699991007209E8
-8.399976858065445E8
-8.464570806066016E8
-8.493709718066336E8
-544610.4000000093
-8.485405741066346E8
-8.521210452066711E8
-8.523064653066814E8
-3.6913026590075266E8
-872617.9000067259
-7.716599140060562E8
-8.558927609067279E8
29350.30000000059
-3.7028804780077434E8
-8.605244221067739E8
-1375734.4000068065
-8.62418727806797E8
-3.7291300820079887E8
-8.632784817068111E8
-8.662035449068427E8
-8.653282654068425E8
-8.699826734068878E8
-8.708329577069016E8
-5.438143944029179E8
-8.737674772069335E8
-8.75659886706956E8
8663.60000000002
-8.747543136069555E8
-8.78387433706992E8
-8.785202048070004E8
-3.696159562008107E8
-8.821646489070375E8
-8.851086532070698E8
-8.870010627070926E8
-8.860632922070922E8
-8.857936964071001E8
-3.7521156310084176E8
-8.680598633069658E8
-8.934433149071764E8
-3.652817179008325E8
-8.913821322071697E8
-468473.2000008762
-8.878744565071493E8
-9.00151211607255E8
-3.743736683008766E8
-8.883770994071668E8
-3.75690791400893E8
-9.039094819073014E8
-9.047332346073155E8
-9.076924028073483E8
-9.048845521073325E8
-9.067541298073555E8
-421216.200000921
-9.133506655074183E8
-1550830.800007452
-9.141668619074322E8
-3.841726267009375E8
-3.813176625009438E8
-3.802211786009642E8
-9.138506266074399E8
-924134.6000074882
-3.87323002900995E8
-9.124526203074346E8
-9.15763832907472E8
-5.456981816029409E8
-9.21711803707527E8
-3.651642124009589E8
-9.199158036075203E8
-9.265671681075834E8
-5.453662194029518E8
-3.8952665530103993E8
-9.284633491076063E8
-927777.8000076272
-3.91245005101057E8
-9.274167119076042E8
-5.514545135030004E8
-9.322481567076516E8
-9.293247803076338E8
-9.360234928076967E8
-860841.9000010887
-3.971978240010964E8
-9.368262771077099E8
-5.513021307030096E8
-9.387148980077326E8
-9.417007042077651E8
-9.435931137077876E8
-9.424972646077849E8
-3.895702710010925E8
-9.34929047807729E8
-9.492418954078557E8
-5.557856260030459E8
-9.50029519607869E8
-3.849931381010965E8
-9.530286030079018E8
-9.500029819078832E8
-9.568039391079482E8
-12470.399999999967
-9.586963486079719E8
-9.605887581079952E8
-9.624811676080184E8
-9.643735771080416E8
-5.561700399030619E8
-9.662678733080649E8
-9.681602828080882E8
-9.700526923081115E8
-4.0118984890116054E8
-9.626609572080585E8
-5.602845751030976E8
-3.666401272010708E8
-5.608976465031166E8
-9.688132346081154E8
-4.039657330012028E8
-16484.799999999843
-9.687394555081223E8
-5.622082623031325E8
-9.775938607082047E8
-9.701274632081509E8
-5.65209555703162E8
-4.0162012850120735E8
-9.778630668082237E8
-5.678220138031902E8
-1532832.6000082854
-4.101434341012554E8
-4.0875939590126824E8
-9.762338229082155E8
-5.697106347032136E8
-9.786656780082458E8
-5.543162892031406E8
-4.1391118540130156E8
-9.870254892083228E8
-9.755121217082344E8
-5.734291551032592E8
-4.102745554013016E8
-9.907875500083702E8
-9.915314362083836E8
-5.718763873032619E8
-9.601759319081265E8
-5.760445461032974E8
-9.964021811084378E8
-3.9606102800127685E8
-5.708328078032819E8
-5.797820726033428E8
-9.927435127084147E8
-5.820765036033672E8
-4.1864151830136645E8
-1.0001888507084832E9
-9.904969075084085E8
-1.0039528096085281E9
-4.1968822400138676E8
-5.190627429030154E8
-1.0058506892085512E9
-9.86443334308391E8
-1335704.100008606
-5.805370901033827E8
-1.0095994576085961E9
-4.197235685013987E8
-1.0114918671086191E9
-1.0122095086086311E9
-5.835717003034124E8
-1.0152766671086649E9
-4.226023697014306E8
-1.0159924181086774E9
-5.830671449034212E8
-5.729081225033755E8
-1.0133935107086638E9
-5.918822970034957E8
-4.243093802014481E8
-1.0152670171086868E9
-4.229325852014652E8
-5.957099592035315E8
-3.9044339130136645E8
-1.0228405082087578E9
-1.0247329177087811E9
-1.0266253272088042E9
-5.962414180035492E8
-1.0252741865087991E9
-3.7885701080133283E8
-1.0304082386088508E9
-1470630.3000088865
-4.341478954015494E8
-1.0323044405088742E9
-1.0341968500088975E9
-1.0360892595089209E9
-5.982957816035706E8
-5.941776877035574E8
-1.0379854310089443E9
-5.960101504035801E8
-1.0386724407089567E9
-1.0417702234089912E9
-1.0403677295089855E9
-4.3605357070157254E8
-1.0455512481090381E9
-6.039068027036395E8
-6.003290625036294E8
-6.088677898036933E8
-1.0441392884090044E9
-1.0493360348089467E9
-1.051228444308854E9
-4.3359598390157926E8
-4.3544608680160224E8
-4.3202752370160556E8
-6.093692400037107E8
-1.0477071132087153E9
-3.9036341050145924E8
-3.874717535014647E8
-6.114177820037327E8
-138211.10000000184
-4.468492035017046E8
-4.433852077017068E8
-6.120725821037481E8
-1.0550227177086685E9
-1.0373013721084183E9
-4.506074719017502E8
-6.143973502037728E8
-1.0444174780083711E9
-1.0606449431083927E9
-4.507026842017659E8
-6.182919551038094E8
-4.46244188101764E8
-1024683.0000083596
-4.407924162017576E8
-4.516789798018164E8
-1268440.8000083626
-4.5809482420185745E8
-6.199998613038332E8
-4.581275241018726E8
-1.061338925808289E9
-29560.29999999996
-1.0526032892081147E9
-6.200366801038424E8
-1.0650972265081048E9
-1.0505111957078907E9
-1.0700747305079311E9
-4.3783231820180285E8
-129175.40000000072
-4.4601530470185035E8
-6.239483501038786E8
-4.2258770550176525E8
-1.0719747229078381E9
-6.206569628038696E8
-1.0738709039077454E9
-4.651290115019549E8
-4.6431208410196984E8
-1.0757652096076527E9
-4.5848074380195665E8
-1.0776576191075594E9
-4.6891066100201887E8
-1.0783227522074573E9
-1.0814424362073739E9
-1.0833348457072814E9
-6.277180166039233E8
-1.0753269257071223E9
-2043596.1000071762
-1.0871063875070968E9
-4.625489894020028E8
-6.28177961303937E8
-4.714988906020559E8
-1627525.1000070702
-6.302283520039601E8
-4.8015855000211096E8
-1.0829450627069647E9
-550099.1000021228
-4.801335645021254E8
-6.308424128039751E8
-4.791158074021353E8
-1.085304343606875E9
-488084.0000021678
-6.327196111039982E8
-1.0845138914067674E9
-6.338005813040152E8
-2515954.4000068153
-4.8279128650216424E8
-1.0907526650067022E9
-1.0965513141066337E9
-543812.400002192
-1.0971955833065324E9
-2.2038461900098827E8
-1371685.3000065107
-4.875770333022083E8
-4.875081736022223E8
-1.0925065345064013E9
-1.1022209540063567E9
-6.388407059040592E8
-4.848470156022228E8
-1.099070472906235E9
-4.853219381022406E8
-4.782519341022215E8
-6.409023826040844E8
-783438.5000023198
-4.9785888540232694E8
-1.1047621357061636E9
-1.1079000673060787E9
-6.413303123040974E8
-4.9566792060232973E8
-6.406275166041039E8
-4.7553651440224755E8
-1.1098000350059857E9
-1.1116924445058925E9
-1.1084946173057725E9
-6.34120028304073E8
-5.0343192740239453E8
-6.445194541041516E8
-1.1142164882056997E9
-1.1173658236056147E9
-1.1192582331055217E9
-1.1211506426054292E9
-4.629066993022125E8
-4.183028818020091E8
-6.47688802904183E8
-1.1217799474053292E9
-1.1249354502052436E9
-1.1268278597051508E9
-1.1287202692050571E9
-1.1306126787049644E9
-5.0256072230242777E8
-1.1325069844048715E9
-5.023730203024402E8
-301935.5000000025
-1.1344012901047783E9
-1.1282110915046525E9
-1.138172833804596E9
-6.521791847042233E8
-5.113502380024975E8
-5.101586194025054E8
-4.9453704290244097E8
-5.116384221025403E8
-6.51972593804232E8
-1.1400747129045033E9
-1.1419671224044104E9
-1.1425810961043115E9
-1.1457500433042243E9
-1.1440682076041172E9
-6.459692901042036E8
-910.7999999997701
-4.887468517024366E8
-1.148248737204033E9
-6.564988711042838E8
-1.1514253338039455E9
-1.1497244886038399E9
-127819.00000000096
-6.531103178042722E8
-1.1552063376037605E9
-1.1570987471036675E9
-4.825151000024186E8
-4.491777132022604E8
-1.1589930528035748E9
-1.1567520150034673E9
-6.448992164042277E8
-5.249872127026558E8
-6.620891024043523E8
-1.1627778129033885E9
-1458058.100003351
-6.613189878043581E8
-5.268777317026788E8
-1.1633743275032902E9
-5.235079401026747E8
-6.631827360043815E8
-1.1665701882032022E9
-1.167157229403105E9
-25197.89999999977
-1.1643738525030007E9
-5.2325071200268614E8
-6.663861253044137E8
-4.1867228310215825E8
-5.127183571026545E8
-1.1668921547029102E9
-5.208560205027094E8
-4.3778918200228477E8
-6.707677720044489E8
-15550.09999999977
-1295029.200002883
-5.369446858028203E8
-1.1657985253028135E9
-6.726507119044721E8
-6.197984852041328E8
-5.36675911302832E8
-1.1723633612027333E9
-6.749121663045068E8
-1.1671875546026251E9
-1.1797865160025575E9
-1.1396254060023746E9
-1.1774594942023613E9
-1.1853878927022822E9
-4.995824693026464E8
-6.767988340045286E8
-5.403720074028727E8
-1.174105584602164E9
-1.1891575307020974E9
-1.1910499402020047E9
-1.1892340578019037E9
-1.1863411653018036E9
-1.1929886060017188E9
-6.713713185045073E8
-1.198596791501633E9
-1.1943546043015318E9
-1.1962350420014412E9
-6.82076984304589E8
-1.1981016133013508E9
-1.2061398751012678E9
-1.201864977601167E9
-1.2037315489010742E9
-1.205611986600982E9
-82018.40000000085
-1.213681064400896E9
-4.899290894026127E8
-1.2117970518007994E9
-2.921300802015565E8
-1.208816421100704E9
-1.2125756098006105E9
-6.839693976046115E8
-1247255.8000005686
-1.2125540061005208E9
-1.2231089708004332E9
-1.2211938704003367E9
-1464913.600000295
-5.493439644029506E8
-5.435481517029318E8
-1.226893787900246E9
-1.2200611550001504E9
-1.230665331600061E9
-1.2325577410999691E9
-1.225139978499874E9
-1.2275513596997871E9
-1.2343649933996956E9
-1.2312908294996047E9
-1.24197427219951E9
-6.858674919046344E8
-6283.299999999879
-1.240006260599417E9
-1.2369094334993277E9
-1.247634429199232E9
-6.836389360046288E8
-5.509254362029836E8
-6.882558579046702E8
-6.887587412046845E8
-1.24565130499914E9
-1.2425318070990517E9
-42762.6000000003
-1.253300248198954E9
-1.255192657698861E9
-1.245097729198774E9
-6.925686005047206E8
-1.2589622994986744E9
-1.25189738209859E9
-1.2627338431984897E9
-1.2581696686984046E9
-1.244283219198332E9
-1.2683693514982176E9
-5.0620081930275786E8
-1.2587026699981415E9
-1.2631023399980454E9
-6.952954477047505E8
-1295129.8999979766
-5.0332796500275236E8
-6.956679050047529E8
-6.920702057047491E8
-1.2740256856979399E9
-9.349573510984308E8
-5.573778425030528E8
-7.009366826048203E8
